195,35
10,248
10,312
10,154
10,156
10,298
10,218
10,174
11,24
11,18
11,10
11,14
11,8
11,22
11,3
9,6
9,4
8,4
8,5
8,13
8,9
8,12
0,528
189,4
189,3
189,2
189,1
189,0
187,5
187,4
187,3
187,2
187,1
187,0
184,5
184,4
184,3
184,2
184,1
184,0
181,5
181,4
181,3
181,2
181,1
181,0
177,5
177,4
177,3
177,2
177,1
177,0
176,6
176,5
176,4
176,3
176,2
176,1
176,0
171,6
171,5
171,4
171,3
171,2
171,1
171,0
169,5
169,4
169,3
169,2
169,1
169,0
166,3
166,2
166,1
166,0
162,3
162,2
162,1
162,0
159,3
159,2
159,1
159,0
158,3
158,2
158,1
158,0
157,4
157,3
157,2
157,1
157,0
156,4
156,3
156,2
156,1
154,4
154,3
154,2
154,1
149,3
149,1
20,3
20,2
20,1
19,3
19,2
19,1
18,1
12,3
18,3
12,2
12,1
11,29
11,28
11,27
14,1
11,21
14,5
11,17
14,3
11,15
